###### Camera Calibration File For Cam 0 of Euroc Datasets ######
image_width: 640
image_height: 480
camera_name: camera
camera_matrix:
  rows: 3
  cols: 3
  data: [384.75393319667273, 0.0, 323.0186330527888, 0.0, 387.63069604787097,  243.9053691846726, 0.0, 0.0, 1.0]
distortion_model: equidistant
distortion_coefficients:
  rows: 1
  cols: 5
  data:  [0.32627815683525074, 0.15924134231660567, 0.2542455643937031, -0.3110072 , 0.0 ] 

  # [567.834506343334, 567.8946199819289, 317.4005326441409, 250.52677767318048]

###### Original Calibration File ######
## General sensor definitions.
#sensor_type: camera
#comment: VI-Sensor cam0 (MT9M034)
#
## Sensor extrinsics wrt. the body-frame.
#T_BS:
#  cols: 4
#  rows: 4
#  data: [0.0148655429818, -0.999880929698, 0.00414029679422, -0.0216401454975,
#         0.999557249008, 0.0149672133247, 0.025715529948, -0.064676986768,
#        -0.0257744366974, 0.00375618835797, 0.999660727178, 0.00981073058949,
#         0.0, 0.0, 0.0, 1.0]
#
## Camera specific definitions.
#rate_hz: 20
#resolution: [752, 480]
#camera_model: pinhole
#intrinsics: [458.654, 457.296, 367.215, 248.375] #fu, fv, cu, cv
#distortion_model: radial-tangential
#distortion_coefficients: [-0.28340811, 0.07395907, 0.00019359, 1.76187114e-05]


